gravity: 0 -10 0
rho_rigid: 5
rho_fluid: 1
replen: 0.1
Iscale: 0.05
Dscale: 0.01
shorderF: 9
   0 1844.47 2148.1 6.10346e-05
   1 -373.197 320.445 -2.23514e-10
   2 -794.802 -925.642 3.31901e-11
   3 -49.1695 -57.2638 2.05327e-12
   4 1.72462e-14 -6.71614e-14 -5.43458e-22
   5 1.06025e-13 6.36948e-13 2.99854e-24
   6 -38.9632 -45.3773 -1.94152e-05
   7 -260.24 -303.081 1.08674e-11
   8 -139.495 -162.458 -2.37787e-05
   9 50.7638 -43.5883 3.86018e-11
   10 9.28866e-14 -8.40734e-14 7.6721e-23
   11 39.3215 -33.7634 2.99008e-11
   12 343.862 400.468 -1.43593e-11
   13 45.9939 53.5654 -1.92066e-12
   14 50.3851 58.6795 -2.10403e-12
   15 5.17762 6.02996 -2.16212e-13
   16 -1.55857e-14 2.18078e-14 -2.69661e-22
   17 1.14963e-13 1.14035e-13 1.17025e-21
   18 2.2997e-14 4.22897e-14 1.58819e-22
   19 -2.48153e-14 1.87882e-13 -7.85822e-22
   20 -70.6846 -82.3207 -1.73338e-06
   21 147.782 172.109 -6.17121e-12
   22 4.97119 5.78955 -1.82714e-06
   23 71.7311 83.5394 -2.99542e-12
   24 -6.66861 -7.76639 -2.41708e-06
   25 -24.8002 21.2947 -2.94581e-11
   26 1.07872e-13 -3.57041e-14 6.7529e-22
   27 -18.485 15.8721 -2.19568e-11
   28 -3.06699e-15 3.58359e-14 6.67431e-23
   29 -17.1138 14.6948 -2.0328e-11
   30 -183.879 -214.149 7.67858e-12
   31 -45.5814 -53.0849 1.90343e-12
   32 -3.76253 -4.38192 1.5712e-13
   33 -4.29306 -4.99978 1.79274e-13
   34 22.1975 25.8516 -9.26945e-13
   35 3.11816 3.63147 -1.30211e-13
   36 -2.39364e-14 -1.77301e-14 -3.54033e-22
   37 -7.48262e-15 -9.33829e-15 5.36427e-22
   38 -6.69414e-15 1.5727e-14 6.61745e-24
   39 -3.76226e-14 -1.46977e-14 3.61478e-22
   40 3.57065e-14 1.53036e-14 1.99351e-22
   41 4.05232e-14 -8.16589e-15 -4.1814e-22
   42 11.3967 13.2728 -2.09081e-06
   43 -95.3972 -111.101 3.98369e-12
   44 -65.7038 -76.5199 -2.14244e-06
   45 -40.6917 -47.3904 1.69924e-12
   46 -61.2965 -71.3871 -2.34693e-06
   47 -3.41166 -3.97328 1.42467e-13
   48 -71.3263 -83.068 -3.17776e-06
   49 17.8782 -15.3511 6.73574e-12
   50 2.58786e-14 1.8624e-14 2.7969e-22
   51 13.119 -11.2647 4.94268e-12
   52 7.84789e-15 7.35245e-14 5.31464e-23
   53 11.8666 -10.1893 4.47083e-12
   54 1.98452e-14 -6.89448e-14 -1.5339e-22
   55 11.4187 -9.80463 4.30205e-12
   56 156.358 182.098 -6.52936e-12
   57 45.4517 52.9339 -1.89802e-12
   58 32.3249 37.6462 -1.34986e-12
   59 4.11877 4.7968 -1.71996e-13
   60 15.9565 18.5832 -6.66325e-13
   61 -2.46512 -2.87093 1.02941e-13
   62 28.712 33.4385 -1.19898e-12
   63 4.76042 5.54408 -1.9879e-13
   64 3.25891e-15 1.88674e-15 -8.27181e-23
   65 2.25171e-14 -4.49577e-14 4.77904e-22
   66 8.60063e-15 1.18288e-14 -1.65436e-24
   67 3.05198e-14 -2.70092e-14 -1.89838e-22
   68 1.51579e-14 -1.55624e-14 -3.97047e-23
   69 -4.31099e-14 7.5034e-14 5.54211e-22
   70 -3.88707e-14 1.72257e-14 -2.24993e-22
   71 5.51793e-14 1.00524e-13 -2.69661e-22
   72 -70.6441 -82.2735 2.83535e-07
   73 71.0573 82.7547 -2.96728e-12
   74 4.98804 5.80917 2.87554e-07
   75 38.9946 45.4139 -1.62837e-12
   76 -4.89347 -5.69903 3.01589e-07
   77 20.0573 23.3591 -8.37573e-13
   78 -14.5378 -16.931 3.35578e-07
   79 29.0377 33.8178 -1.21258e-12
   80 -12.5515 -14.6177 4.59509e-07
   81 -14.4752 12.4292 2.19149e-12
   82 -1.08871e-14 -1.21431e-14 4.01183e-23
   83 -10.5323 9.04354 1.59454e-12
   84 2.63331e-14 1.09635e-14 -2.04727e-22
   85 -9.42036 8.08879 1.4262e-12
   86 -1.53037e-14 7.72299e-15 1.3421e-22
   87 -8.92419 7.66276 1.35109e-12
   88 -1.21465e-14 -7.2671e-14 -5.86264e-23
   89 -8.71901 7.48658 1.32002e-12
   90 -95.8454 -111.623 4.0024e-12
   91 -45.3948 -52.8677 1.89564e-12
   92 -5.06147 -5.89469 2.11362e-13
   93 -4.05148 -4.71844 1.69186e-13
   94 10.6518 12.4053 -4.44809e-13
   95 2.31531 2.69645 -9.66848e-14
   96 6.12353 7.13159 -2.55713e-13
   97 -3.66815 -4.272 1.53178e-13
   98 -20.3657 -23.7183 8.50453e-13
   99 3.87325 4.51086 -1.61743e-13
shorderT: 9
   0 0.0108885 -0.00562591 0.149713
   1 0.000977407 0.0018917 -5.67986e-08
   2 -0.00469199 0.00242427 -9.47514e-08
   3 -0.000290265 0.000149975 -5.86168e-09
   4 -1.73005e-19 4.34646e-20 -3.02391e-19
   5 1.48773e-18 -1.11837e-18 -2.05765e-18
   6 -0.000230014 0.000118844 -0.00743912
   7 -0.00153629 0.000793774 -3.10243e-08
   8 -0.000823487 0.000425481 -0.00911103
   9 -0.000132951 -0.000257317 7.58227e-09
   10 -1.59447e-19 1.06359e-18 1.13026e-18
   11 -0.000102983 -0.000199317 5.8732e-09
   12 0.00202993 -0.00104883 4.0993e-08
   13 0.000271518 -0.000140288 5.4831e-09
   14 0.000297441 -0.000153682 6.0066e-09
   15 3.05653e-05 -1.57925e-05 6.17244e-10
   16 -4.38055e-20 1.68166e-20 5.92923e-20
   17 -2.47245e-19 -1.85616e-19 9.19878e-19
   18 -1.7408e-19 3.18241e-21 -4.15046e-19
   19 2.3377e-20 8.34072e-20 -1.97994e-19
   20 -0.000417276 0.000215599 -0.000875522
   21 0.000872406 -0.000450757 1.76176e-08
   22 2.93467e-05 -1.51629e-05 -0.000922872
   23 0.000423453 -0.000218791 8.55133e-09
   24 -3.93671e-05 2.03403e-05 -0.00122085
   25 6.49521e-05 0.00012571 -3.51843e-09
   26 -2.61416e-19 -4.43898e-19 1.26504e-18
   27 4.84125e-05 9.36988e-05 -2.62249e-09
   28 2.34535e-19 7.97402e-20 -1.07097e-19
   29 4.48212e-05 8.67483e-05 -2.42795e-09
   30 -0.0010855 0.000560858 -2.19209e-08
   31 -0.000269083 0.00013903 -5.43393e-09
   32 -2.22115e-05 1.14763e-05 -4.48546e-10
   33 -2.53434e-05 1.30945e-05 -5.11792e-10
   34 0.000131039 -6.77058e-05 2.64625e-09
   35 1.84076e-05 -9.51088e-06 3.71728e-10
   36 8.72746e-20 -1.33493e-20 -3.82859e-19
   37 5.135e-20 1.65996e-19 2.58599e-18
   38 8.30273e-20 5.24573e-20 -3.42201e-19
   39 1.44141e-19 -1.47843e-19 -5.27702e-19
   40 -1.78812e-19 -3.7065e-20 3.04932e-19
   41 2.52768e-19 -4.15857e-19 4.59092e-19
   42 6.72784e-05 -3.47616e-05 -0.00377678
   43 -0.000563163 0.000290976 -1.13727e-08
   44 -0.000387872 0.000200407 -0.00387006
   45 -0.000240217 0.000124116 -4.85101e-09
   46 -0.000361855 0.000186964 -0.00423943
   47 -2.01402e-05 1.04061e-05 -4.06717e-10
   48 -0.000421064 0.000217556 -0.00574022
   49 -4.68233e-05 -9.06232e-05 2.79061e-09
   50 -1.47066e-19 8.59606e-20 1.68983e-19
   51 -3.43589e-05 -6.64992e-05 2.04775e-09
   52 1.79862e-19 -2.78462e-20 -3.50036e-19
   53 -3.10788e-05 -6.01508e-05 1.85226e-09
   54 -1.87485e-19 -1.18595e-19 6.27863e-20
   55 -2.99056e-05 -5.78801e-05 1.78233e-09
   56 0.000923037 -0.000476917 1.86401e-08
   57 0.000268317 -0.000138635 5.41847e-09
   58 0.000190825 -9.85959e-05 3.85357e-09
   59 2.43145e-05 -1.25629e-05 4.91015e-10
   60 9.41965e-05 -4.86696e-05 1.90223e-09
   61 -1.45525e-05 7.51901e-06 -2.93877e-10
   62 0.000169497 -8.75759e-05 3.42286e-09
   63 2.81024e-05 -1.452e-05 5.67508e-10
   64 1.22532e-19 6.45089e-20 1.32137e-19
   65 3.84309e-19 -6.60266e-20 9.14796e-20
   66 6.76456e-20 3.08642e-20 3.25261e-19
   67 -2.68326e-19 -1.26751e-20 -1.14349e-19
   68 -2.07805e-20 -1.18574e-19 -6.26804e-20
   69 2.68759e-21 2.16567e-19 -3.59565e-19
   70 2.45456e-20 1.4575e-19 1.999e-19
   71 3.13141e-19 -9.9836e-20 -1.68983e-19
   72 -0.000417037 0.000215475 -0.000897557
   73 0.000419476 -0.000216736 8.47101e-09
   74 2.94461e-05 -1.52143e-05 -0.00091028
   75 0.000230199 -0.000118939 4.64869e-09
   76 -2.88879e-05 1.49258e-05 -0.000954711
   77 0.000118405 -6.11779e-05 2.39111e-09
   78 -8.58219e-05 4.43426e-05 -0.0010623
   79 0.000171419 -8.85693e-05 3.46169e-09
   80 -7.40956e-05 3.82839e-05 -0.00145462
   81 3.79108e-05 7.33736e-05 -2.39346e-09
   82 -1.11226e-19 -3.25711e-20 1.5992e-18
   83 2.75842e-05 5.33872e-05 -1.7415e-09
   84 -7.05684e-20 -2.24067e-19 1.96512e-19
   85 2.4672e-05 4.77509e-05 -1.55764e-09
   86 -4.92073e-20 1.49329e-19 -1.99688e-19
   87 2.33726e-05 4.52359e-05 -1.4756e-09
   88 -5.07558e-20 -1.60688e-19 7.24425e-19
   89 2.28352e-05 4.41959e-05 -1.44168e-09
   90 -0.000565808 0.000292343 -1.14261e-08
   91 -0.000267981 0.000138461 -5.41169e-09
   92 -2.98796e-05 1.54383e-05 -6.03398e-10
   93 -2.39173e-05 1.23576e-05 -4.82993e-10
   94 6.28814e-05 -3.24897e-05 1.26984e-09
   95 1.36681e-05 -7.06204e-06 2.76016e-10
   96 3.61493e-05 -1.86777e-05 7.3001e-10
   97 -2.16544e-05 1.11884e-05 -4.37294e-10
   98 -0.000120226 6.21186e-05 -2.42788e-09
   99 2.28651e-05 -1.1814e-05 4.61745e-10
